-0.0549166666666667
-0.0547033160310463
-0.0540654533904162
-0.0530096240786354
-0.0515466623332079
-0.0496915801213455
-0.0474634130968692
-0.0448850252686419
-0.0419828743848973
-0.0387867404409403
-0.0353294200960962
-0.031646390135605
-0.0277754434307971
-0.0237563011330918
-0.019630205081232
-0.0154394946042098
-0.0112271720624569
-0.00703646158543469
-0.00291036553357488
0.00110877676413044
0.00497972346893828
0.00866275342942951
0.0121200737742736
0.0153162077182306
0.0182183586019752
0.0207967464302026
0.0230249134546789
0.0248799956665412
0.0263429574119687
0.0273987867237496
0.0280366493643796
0.02825
