-0.0549166666666666
-0.0549039445474407
-0.054865785974243
-0.054802214295751
-0.0547132684105526
-0.0545990027433447
-0.0544594872116314
-0.0542948071829429
-0.0541050634225997
-0.0538903720320563
-0.0536508643778604
-0.0533866870112711
-0.053098001578587
-0.0527849847222364
-0.0524478279726932
-0.0520867376312815
-0.0517019346439432
-0.0512936544660443
-0.050862146918303
-0.0504076760339282
-0.0499305198970616
-0.0494309704726215
-0.0489093334276541
-0.0483659279443005
-0.047801086524493
-0.0472151547865028
-0.0466084912534607
-0.0459814671339823
-0.0453344660950305
-0.0446678840271556
-0.0439821288022554
-0.0432776200240042
-0.0425547887711039
-0.0418140773335124
-0.0410559389418136
-0.0402808374898918
-0.0394892472510815
-0.0386816525879669
-0.0378585476560074
-0.0370204361011707
-0.0361678307517594
-0.0353012533046188
-0.0344212340059181
-0.0335283113267004
-0.0326230316334002
-0.0317059488535298
-0.0307776241367389
-0.029838625511455
-0.028889527537316
-0.0279309109536042
-0.0269633623239015
-0.0259874736771789
-0.025003842145543
-0.0240130695988593
-0.0230157622764767
-0.0220125304162787
-0.0210039878812875
-0.0199907517840502
-0.0189734421090366
-0.0179526813332795
-0.0169290940454902
-0.0159033065638818
-0.0148759465529342
-0.0138476426393348
-0.0128190240273318
-0.0117907201137325
-0.0107633601027848
-0.00973757262117649
-0.00871398533338722
-0.00769322455763007
-0.00667591488261642
-0.00566267878537914
-0.00465413625038799
-0.00365090439018998
-0.0026535970678074
-0.00166282452112363
-0.000679192989487732
0.000296695657234839
0.00126424428693756
0.00222286087064933
0.00317195884478839
0.00411095747007218
0.00503928218686317
0.00595636496673356
0.00686164466003368
0.00775456733925141
0.00863458663795215
0.00950116408509277
0.0103537694345041
0.0111918809893408
0.0120149859213003
0.0128225805844148
0.0136141708232251
0.014389272275147
0.0151474106668457
0.0158881221044372
0.0166109533573375
0.0173154621355887
0.018001217360489
0.0186677994283639
0.0193148004673156
0.019941824586794
0.0205484881198361
0.0211344198578263
0.0216992612776338
0.0222426667609875
0.0227643038059548
0.0232638532303949
0.0237410093672616
0.0241954802516363
0.0246269877993776
0.0250352679772765
0.0254200709646148
0.0257811613060265
0.0261183180555697
0.0264313349119203
0.0267200203446045
0.0269841977111938
0.0272237053653897
0.027438396755933
0.0276281405162762
0.0277928205449648
0.027932336076678
0.028046601743886
0.0281355476290844
0.0281991193075764
0.028237277880774
0.02825
