-0.0549166666666667
-0.054913510912275
-0.0549040441280798
-0.0548882677509474
-0.0548661841754126
-0.0548377967533154
-0.0548031097932923
-0.0547621285601222
-0.0547148592739271
-0.0546613091092285
-0.054601486193858
-0.054535399607724
-0.0544630593814335
-0.0543844764947692
-0.0542996628750238
-0.0542086313951889
-0.0541113958720017
-0.0540079710638474
-0.0538983726685198
-0.0537826173208381
-0.0536607225901225
-0.053532706977527
-0.0533985899132321
-0.0532583917534949
-0.05311213377756
-0.0529598381844292
-0.0528015280894929
-0.0526372275210207
-0.0524669614165154
-0.052290755618927
-0.0521086368727311
-0.0519206328198692
-0.0517267719955533
-0.0515270838239346
-0.0513215986136382
-0.0511103475531619
-0.0508933627061432
-0.0506706770064924
-0.0504423242533938
-0.0502083391061759
-0.0499687570790505
-0.0497236145357228
-0.0494729486838715
-0.0492167975695023
-0.0489552000711723
-0.0486881958940898
-0.0484158255640875
-0.0481381304214714
-0.0478551526147466
-0.0475669350942197
-0.0472735216054795
-0.0469749566827582
-0.0466712856421711
-0.046362554574839
-0.0460488103398923
-0.0457301005573591
-0.0454064736009369
-0.0450779785906509
-0.0447446653853982
-0.0444065845753805
-0.0440637874744257
-0.043716326112199
-0.043364253226306
-0.0430076222542887
-0.0426464873255139
-0.0422809032529584
-0.0419109255248885
-0.041536610296439
-0.0411580143810892
-0.0407751952420402
-0.0403882109834931
-0.0399971203418296
-0.0396019826766977
-0.0392028579620013
-0.038799806776798
-0.0383928902961041
-0.0379821702816096
-0.0375677090723039
-0.0371495695750143
-0.0367278152548576
-0.0363025101256077
-0.0358737187399794
-0.0354415061798306
-0.0350059380462847
-0.0345670804497727
-0.034125
-0.0336797637958357
-0.0332314394151285
-0.0327800949044501
-0.0323257987687665
-0.0318686199610411
-0.031408627871768
-0.0309458923184412
-0.0304804835349565
-0.0300124721609522
-0.0295419292310872
-0.0290689261642594
-0.0285935347527655
-0.0281158271514049
-0.0276358758665275
-0.0271537537450292
-0.0266695339632948
-0.0261832900160916
-0.0256950957054142
-0.025205025129283
-0.0247131526704974
-0.0242195529853464
-0.0237243009922768
-0.0232274718605222
-0.0227291409986943
-0.0222293840433369
-0.0217282768474457
-0.0212258954689559
-0.0207223161591978
-0.0202176153513234
-0.0197118696487053
-0.0192051558133102
-0.0186975507540476
-0.0181891315150969
-0.0176799752642133
-0.0171701592810156
-0.0166597609452569
-0.0161488577250791
-0.0156375271652558
-0.0151258468754218
-0.0146138945182941
-0.0141017477978838
-0.0135894844477026
-0.0130771822189641
-0.0125649188687829
-0.0120527721483726
-0.0115408197912449
-0.0110291395014109
-0.0105178089415876
-0.0100069057214098
-0.00949650738565103
-0.00898669140245342
-0.00847753515156982
-0.00796911591261906
-0.00746151085335645
-0.00695479701796134
-0.00644905131534327
-0.00594435050746884
-0.00544077119771074
-0.004938389819221
-0.00443728262332982
-0.00393752566797233
-0.00343919480614444
-0.0029423656743899
-0.00244711368132024
-0.00195351399616922
-0.00146164153738369
-0.000971570961252497
-0.000483376650575105
2.86729662810591e-06
0.000487087078362512
0.000969209199860847
0.00144916048473822
0.00192686808609886
0.00240225949759273
0.00287526256442058
0.00334580549428555
0.00381381686828982
0.00427922565177451
0.00474196120510137
0.00520195329437437
0.00565913210209987
0.00611342823778339
0.00656477274846183
0.00701309712916898
0.00745833333333332
0.00790041378310604
0.00833927137961799
0.00877483951316396
0.00920705207331268
0.00963584345894102
0.010061148588191
0.0104829029083477
0.0109010424056373
0.0113155036149429
0.0117262236294374
0.0121331401101313
0.0125361912953346
0.012935316010031
0.013330453675163
0.0137215443168264
0.0141085285753735
0.0144913477144225
0.0148699436297723
0.0152442588582218
0.0156142365862917
0.0159798206588473
0.016340955587622
0.0166975865596394
0.0170496594455323
0.0173971208077591
0.0177399179087139
0.0180779987187315
0.0184113119239842
0.0187398069342702
0.0190634338906925
0.0193821436732257
0.0196958879081723
0.0200046189755044
0.0203082900160916
0.0206068549388129
0.020900268427553
0.02118848594808
0.0214714637548047
0.0217491588974208
0.0220215292274231
0.0222885334045056
0.0225501309028356
0.0228062820172049
0.0230569478690561
0.0233020904123839
0.0235416724395092
0.0237756575867272
0.0240040103398257
0.0242266960394765
0.0244436808864952
0.0246549319469715
0.024860417157268
0.0250601053288866
0.0252539661532026
0.0254419702060645
0.0256240889522603
0.0258002947498487
0.0259705608543541
0.0261348614228262
0.0262931715177626
0.0264454671108933
0.0265917250868283
0.0267319232465655
0.0268660403108604
0.0269940559234558
0.0271159506541715
0.0272317060018532
0.0273413043971807
0.027444729205335
0.0275419647285222
0.0276329962083571
0.0277178098281026
0.0277963927147668
0.0278687329410574
0.0279348195271913
0.0279946424425618
0.0280481926072604
0.0280954618934555
0.0281364431266257
0.0281711300866487
0.0281995175087459
0.0282216010842807
0.0282373774614132
0.0282468442456084
0.02825
