-0.126054602671721
-0.125983251555079
-0.12585493018521
-0.125669686736485
-0.125427628431513
-0.12512889910992
-0.12477367703925
-0.124362174416403
-0.12389463713661
-0.123371344611804
-0.122792609590134
-0.122158777963154
-0.121470228556262
-0.120727372900842
-0.119930654987504
-0.119080551000267
-0.11817756903168
-0.117222248778979
-0.116215161221405
-0.115156908278878
-0.114048122452184
-0.11288946644491
-0.111681632767334
-0.110425343322504
-0.10912134897476
-0.107770429100943
-0.106373391124567
-0.10493107003323
-0.103444327879554
-0.101914053265942
-0.100341160813478
-0.0987265906152644
-0.0970713076745461
-0.0953763013279407
-0.0936425846541265
-0.0918711938683409
-0.0900631877030498
-0.0882196467751599
-0.0863416729401501
-0.0844303886335098
-0.0824869361998761
-0.0805124772102725
-0.0785081917678558
-0.0764752778025868
-0.0744149503552461
-0.0723284408512234
-0.0702169963645135
-0.06808187887236
-0.0659243645009909
-0.0637457427628979
-0.0615473157861154
-0.0593303975359582
-0.0570963130296859
-0.0548463975445601
-0.0525819958197703
-0.0503044612527046
-0.048015155090045
-0.0457154456141717
-0.0434067073253621
-0.0410903201202736
-0.038767668467201
-0.0364401405786015
-0.0341091275813816
-0.0317760226854429
-0.0294422203509819
-0.0271091154550432
-0.0247781024578234
-0.0224505745692238
-0.0201279229161512
-0.0178115357110628
-0.0155027974222532
-0.0132030879463799
-0.0109137817837202
-0.00863624721665454
-0.00637184549186477
-0.00412193000673891
-0.00188784550046661
0.000329072749690518
0.00252749972647309
0.00470612146456606
0.00686363583593519
0.00899875332808869
0.0111101978147986
0.0131967073188213
0.015257034766162
0.017289948731431
0.0192942341738477
0.0212686931634513
0.023212145597085
0.0251234299037253
0.027001403738735
0.0288449446666249
0.030652950831916
0.0324243416177017
0.0341580582915159
0.0358530646381213
0.0375083475788395
0.0391229177770532
0.0406958102295175
0.0422260848431289
0.0437128269968051
0.0451551480881417
0.0465521860645181
0.0479031059383353
0.0492071002860791
0.0504633897309088
0.0516712234084854
0.0528298794157595
0.0539386652424535
0.0549969181849805
0.0560040057425537
0.0569593259952555
0.057862307963842
0.058712411951079
0.0595091298644169
0.0602519855198368
0.0609405349267287
0.0615743665537096
0.062153101575379
0.0626763941001855
0.0631439313799785
0.0635554340028253
0.0639106560734954
0.0642093853950884
0.0644514437000604
0.0646366871487855
0.0647650085186545
0.0648363596352959
