-0.1260049770099
-0.125721938756735
-0.12521343594408
-0.124480561426467
-0.1235250396134
-0.1223491335756
-0.120955631323527
-0.119347837636562
-0.117529565810027
-0.115505128472521
-0.113279327303124
-0.110857441618847
-0.108245215841421
-0.105448845866377
-0.102474964363905
-0.0993306250450784
-0.0960232859301466
-0.0925607916582633
-0.0889513548804377
-0.085203536779751
-0.0813262267649846
-0.0773286213857934
-0.0732202025194136
-0.0690107148806305
-0.0647101429083441
-0.0603286870835467
-0.0558767397348819
-0.0513648603891689
-0.0468037507253544
-0.0422042291913002
-0.0375772053436088
-0.0329336539713515
-0.0282845890650733
-0.0236410376928161
-0.0190140138451247
-0.0144144923110705
-0.00985338264725598
-0.0053415033015429
-0.000889555952878152
0.00349189987191928
0.00779247184420565
0.0120019594829887
0.0161103783493686
0.0201079837285597
0.0239852937433261
0.0277331118440129
0.0313425486218385
0.0348050428937218
0.0381123820086536
0.0412567213274804
0.0442306028299524
0.0470269728049962
0.0496391985824222
0.0520610842666996
0.0542868854360962
0.0563113227736021
0.0581295946001373
0.0597373882871026
0.0611308905391749
0.0623067965769754
0.0632623183900421
0.0639951929076552
0.0645036957203102
0.0647867339734753
