-0.125810121491983
-0.124697762523165
-0.122707446728299
-0.119857310202964
-0.116173908923948
-0.111691620609992
-0.106452290746098
-0.100504835715374
-0.093904784434913
-0.0867137593478612
-0.0789989008565164
-0.0708322403560581
-0.0622900276512821
-0.0534520190089946
-0.0444007324819818
-0.035220677452208
-0.0259975655842169
-0.016817510554443
-0.0077662240274303
0.00107178461485724
0.00961399731963328
0.0177806578200915
0.0254955163114364
0.0326865413984882
0.0392865926789495
0.0452340477096731
0.0504733775735676
0.0549556658875229
0.0586390671665389
0.0614892036918744
0.0634795194867403
0.0645918784555577
