-0.12606712369136
-0.126049213779312
-0.126016995293018
-0.125970465908299
-0.125909631728273
-0.125834501669269
-0.125745086931755
-0.125641400900304
-0.12552345911545
-0.125391279262665
-0.125244881166319
-0.125084286785236
-0.12490952020869
-0.124720607652429
-0.124517577454545
-0.12430046007111
-0.12406928807154
-0.123824096133666
-0.123564921038506
-0.123291801664733
-0.123004778982824
-0.122703896048913
-0.122389197998323
-0.122060732038793
-0.12171854744339
-0.12136269554312
-0.120993229719223
-0.120610205395166
-0.120213680028327
-0.119803713101373
-0.119380366113343
-0.118943702570415
-0.118493787976383
-0.118030689822828
-0.117554477578998
-0.11706522268138
-0.116562998522992
-0.116047880442363
-0.115519945712241
-0.114979273527997
-0.114425944995743
-0.113860043120169
-0.11328165279209
-0.112690860775709
-0.112087755695606
-0.111472428023441
-0.110844970064382
-0.110205475943258
-0.109554041590441
-0.108890764727456
-0.108215744852319
-0.107529083224611
-0.106830882850293
-0.10612124846625
-0.10540028652458
-0.104668105176624
-0.103924814256747
-0.103170525265856
-0.102405351354678
-0.101629407306781
-0.100842809521364
-0.100045675995787
-0.0992381263078753
-0.0984202815979811
-0.0975922645508099
-0.0967541993770175
-0.0959062117945768
-0.0950484290099193
-0.0941809796988526
-0.0933039939872577
-0.0924176034315692
-0.0915219409990402
-0.0906171410477958
-0.0897033393066788
-0.088780672854888
-0.0878492801014159
-0.0869093007642854
-0.0859608758495911
-0.0850041476303466
-0.0840392596251427
-0.0830663565766178
-0.0820855844297451
-0.0810970903099396
-0.0801010225009878
-0.0790975304228037
-0.0780867646090141
-0.0770688766843775
-0.0760440193420387
-0.0750123463206231
-0.0739740123811749
-0.072929173283941
-0.0718779857650055
-0.0708206075127782
-0.0697571971443391
-0.0686879141816449
-0.0676129190275986
-0.066532372941988
-0.0654464380172948
-0.0643552771543794
-0.063259054038044
-0.0621579331124782
-0.0610520795565911
-0.0599416592592325
-0.0588268387943082
-0.057707785395792
-0.0565846669326392
-0.0554576518836049
-0.0543269093119696
-0.053192608840179
-0.0520549206243987
-0.0509140153289888
-0.049770064100903
-0.0486232385440146
-0.0474737106933743
-0.0463216529894034
-0.0451672382520258
-0.0440106396547437
-0.0428520306986595
-0.041691585186449
-0.0405294771962894
-0.0393658810557461
-0.0382009713156214
-0.0370349227237704
-0.035867910198887
-0.0347001088042648
-0.0335316937215353
-0.0323628402243893
-0.0311937236522841
-0.0300245193841407
-0.0288554028120355
-0.0276865493148895
-0.02651813423216
-0.0253503328375378
-0.0241833203126545
-0.0230172717208034
-0.0218523619806787
-0.0206887658401354
-0.0195266578499759
-0.0183662123377653
-0.0172076033816811
-0.016051004784399
-0.0148965900470215
-0.0137445323430506
-0.0125950044924103
-0.0114481789355218
-0.010304227707436
-0.00916332241202615
-0.00802563419624584
-0.0068913337244553
-0.00576059115282
-0.00463357610378559
-0.00351045764063287
-0.00239140424211666
-0.00127658377719234
-0.000166163479833725
0.000939690076053351
0.00204081100161912
0.00313703411795455
0.00422819498086996
0.00531412990556313
0.00639467599117371
0.00746967114522004
0.0085389541079143
0.00960236447635338
0.0106597427285807
0.0117109302475161
0.0127557693447501
0.0137941032841983
0.0148257763056139
0.0158506336479527
0.0168685215725893
0.0178792873863788
0.018882779464563
0.0198788472735148
0.0208673413933202
0.0218481135401929
0.0228210165887179
0.0237859045939217
0.0247426328131662
0.0256910577278606
0.026631037064991
0.0275624298184632
0.0284850962702539
0.029398898011371
0.0303036979626153
0.0311993603951444
0.0320857509508329
0.0329627366624277
0.0338301859734945
0.0346879687581519
0.0355359563405926
0.0363740215143851
0.0372020385615563
0.0380198832714504
0.0388274329593619
0.039624566484939
0.0404111642703563
0.0411871083182527
0.0419522822294316
0.0427065712203226
0.0434498621401996
0.044182043488155
0.0449030054298254
0.0456126398138685
0.0463108401881861
0.0469975018158937
0.0476725216910314
0.0483357985540166
0.0489872329068329
0.0496267270279568
0.0502541849870162
0.0508695126591812
0.0514726177392839
0.0520634097556648
0.0526418000837444
0.0532077019593183
0.0537610304915722
0.0543017026758165
0.054829637405938
0.0553447554865667
0.0558469796449557
0.056336234542573
0.0568124467864034
0.057275544939958
0.0577254595339904
0.0581621230769186
0.0585854700649486
0.0589954369919019
0.0593919623587415
0.0597749866827985
0.0601444525066953
0.0605003044069652
0.060842489002368
0.0611709549618984
0.061485653012488
0.0617865359463989
0.0620735586283079
0.0623466780020816
0.062605853097241
0.0628510450351151
0.0630822170346853
0.0632993344181201
0.0635023646160042
0.0636912771722654
0.0638660437488115
0.0640266381298944
0.0641730362262401
0.0643052160790256
0.0644231578638788
0.0645268438953297
0.0646162586328443
0.0646913886918485
0.0647522228718742
0.0647987522565933
0.0648309707428877
0.0648488806549352
